Kera;97.5;119459.06065275188;612.6105674500096;3882419.4712144355
Silinder;25.54;37.03;10040.76762527759;5942.298628160926;75883.15348161502
Kera;15.64;3073.8548894301516;98.26901820428873;16025.030156895858
Silinder;0.36;92.56;210.18008834752578;209.3657875317153;37.68584175570876
Kera;2.43;74.20316184072949;15.268140296446395;60.10456109099088
Kera;90.67;103308.7473161698;569.6964118019731;3122334.7063857047
Silinder;36.41;15.75;11932.683730114757;3603.139738291937;65595.1589356047
Silinder;38.87;74.34;27648.985413284878;18155.86587424784;352859.25326600677
Kera;4.37;239.9787229853557;27.457519792374793;349.56900648200144
Silinder;60.18;2.84;23829.25422435797;1073.8667406724317;32312.650226833463
Silinder;24.22;48.86;11121.22291406313;7435.453634115004;90043.3435091327
Silinder;8.77;50.14;3246.1492553309763;2762.8912521184034;12115.2781405392
Silinder;92.11;82.44;101019.79987336461;47711.671736237055;2197361.0418123975
Silinder;21.04;1.0;2913.648743741809;132.1982188630585;1390.7252624393752
Silinder;97.7;2.38;61435.82982750548;1461.0039467372405;71370.0427981142
Silinder;5.5;31.18;1267.5698038704095;1077.503448328227;2963.1344829026248
Silinder;25.45;96.91;19566.22860404628;15496.593772622791;197194.155756625
Silinder;67.54;44.66;47613.90285958322;18952.20054999097;640015.812573195
Silinder;31.82;74.67;21290.647554964653;14928.844519947514;237517.91631236495
Silinder;46.24;37.55;24343.884800127824;10909.570047079602;252229.25948848037
Silinder;93.01;57.21;87788.42760750858;33433.470532722444;1554823.5471242575
Silinder;75.58;60.81;64769.31221701359;28877.644078866462;1091286.1697403635
Kera;18.85;4465.114222620638;118.43804304033522;28055.80103213301
Kera;3.53;156.5882875884682;22.17964413434394;184.25221839576423
Kera;76.13;72831.8805235417;478.3388974355819;1848230.3547524093
Kera;94.65;112577.37052913691;594.7034893245478;3551816.0401942697
Kera;58.65;43226.0843826115;368.5088182660827;845069.9496800548
Kera;27.39;9427.443287976685;172.09644556364887;86072.55721922714
Silinder;83.69;17.23;53067.75043187519;9060.21938110592;379124.88000237726
Silinder;40.78;37.15;19967.871171711242;9518.88122711501;194089.988220875
Silinder;95.02;6.53;60628.220604047136;3898.594589309974;185222.22893811684
Silinder;15.0;91.91;10076.030117858541;8662.313423743135;64967.35067807352
Silinder;76.09;89.76;79290.82348836344;42913.14028529094;1632630.4221538939
Silinder;53.71;49.63;34874.13769357593;16748.63028577679;449784.4663245357
Kera;85.26;91348.31075655324;535.7043792901316;2596118.991701243
Kera;60.27;45647.00070801605;378.6875784637137;917048.2442240424
Kera;10.13;1289.521996696634;63.648667161729215;4354.285942178967
Kera;49.06;30245.791343223016;308.2530711702305;494619.5077661738
Kera;7.68;741.1946981243784;48.25486315913922;1897.4584271984086
